10
10
1 50
1 50
1 50
1 50
1 50
1 50
1 50
1 50
1 50
1 50
10
2 33
2 33
2 33
2 33
1 50
1 50
1 50
1 50
1 50
1 50
10
1 50
1 50
1 50
1 50
1 50
1 50
1 50
1 50
1 50
1 50
10
1 50
1 50
1 50
1 50
1 50
1 50
1 50
1 50
1 50
1 50
10
1 50
1 50
1 50
1 50
1 50
1 50
1 50
1 50
1 50
1 50
10
2 33
2 33
2 33
2 33
2 33
2 33
2 33
2 33
2 33
2 33
10
2 33
2 33
2 33
2 33
2 33
2 33
2 33
2 33
2 33
2 33
10
2 33
2 33
2 33
2 33
2 33
2 33
2 33
2 33
2 33
2 33
10
2 33
2 33
2 33
2 33
2 33
2 33
2 33
2 33
2 33
2 33
10
2 33
2 33
2 33
2 33
2 33
2 33
2 33
2 33
2 33
2 33
