14 20 50
1 1 1 1 1 1 1 1 1 1 1 1 1
1 1 1 1 1 1 1 1 1 1 1 1 1
1 1 1 1 1 1 1 1 1 1 1 1 1
0 0 0 0 0 0 0 0 0 0 0 0 0
1 1 1 1 1 1 1 1 1 1 1 1 1
1 1 1 1 1 1 1 1 1 1 1 1 1
1 1 1 1 1 1 1 1 1 1 1 1 1
3 12
1
3 0 2 3 6 2 3 12 0
10
10
0 1 50
0 1 50
0 1 50
0 1 50
0 1 50
0 1 50
0 1 50
0 1 50
0 1 50
0 1 50
10
0 2 33
0 2 33
0 2 33
0 2 33
0 1 50
0 1 50
0 1 50
0 1 50
0 1 50
0 1 50
10
0 1 55
0 1 55
0 1 55
0 1 55
0 1 55
0 1 55
0 1 55
0 1 55
0 1 55
0 1 55
10
0 1 55
0 1 55
0 1 55
0 1 55
0 1 55
0 1 55
0 1 55
0 1 55
0 1 55
0 1 55
10
0 1 60
0 1 60
0 1 60
0 1 60
0 1 60
0 1 60
0 1 60
0 1 60
0 1 60
0 1 60
10
0 2 45
0 2 45
0 2 45
0 2 45
0 2 45
0 2 45
0 2 45
0 2 45
0 2 45
0 2 45
10
0 2 50
0 2 50
0 2 50
0 2 50
0 2 50
0 2 50
0 2 50
0 2 50
0 2 50
0 2 50
10
0 2 55
0 2 55
0 2 55
0 2 55
0 2 55
0 2 55
0 2 55
0 2 55
0 2 55
0 2 55
10
0 2 55
0 2 55
0 2 55
0 2 55
0 2 55
0 2 55
0 2 55
0 2 55
0 2 55
0 2 55
10
0 2 60
0 2 60
0 2 60
0 2 60
0 2 60
0 2 60
0 2 60
0 2 60
0 2 60
0 2 60
