18 26 60
1 1 1 1 1 1 1 1 1 1 1 1 1
0 1 0 0 0 1 0 0 0 1 0 0 0
0 1 0 1 0 1 0 1 0 1 0 1 0
0 1 0 1 0 1 0 1 0 1 0 1 0
0 1 0 1 0 1 0 1 0 1 0 1 0
0 0 0 1 0 0 0 1 0 0 0 1 0
1 1 1 1 1 1 1 1 1 1 1 1 1
3 6
2
1 0 7 5 0 0 5 2 0 1 2 0 1 4 0 5 4 0 5 6 0 3 6 0
5 12 7 1 12 0 1 10 0 5 10 0 5 8 0 1 8 0 1 6 0 3 6 0
5
8
0 1 45
1 1 45
0 1 45
1 1 45
0 2 28
1 2 28
0 1 45
1 1 45
10
0 1 60
1 1 60
0 2 35
1 2 35
0 1 60
1 1 60
0 1 60
1 1 60
0 2 35
1 2 35
12
0 1 80
1 1 80
0 2 50
1 2 50
0 1 80
1 1 80
0 3 310
1 3 310
0 1 80
1 1 80
0 2 50
1 2 50
12
0 2 60
1 2 60
0 1 100
1 1 100
0 2 60
1 2 60
0 1 100
1 1 100
0 3 445
1 3 445
0 1 100
1 1 100
14
0 1 130
1 1 130
0 2 80
1 2 80
0 1 130
1 1 130
0 3 650
1 3 650
0 2 80
1 2 80
0 1 130
1 1 130
0 2 80
1 2 80
