20 28 65
1 1 1 1 1 1 1 1 1 1 1 1 1
1 0 0 0 0 0 0 0 0 0 0 0 1
1 0 0 0 0 0 0 0 0 0 0 0 1
1 0 0 1 1 1 1 1 1 1 0 0 1
1 0 0 0 0 0 0 0 0 0 0 0 1
1 0 0 0 0 0 0 0 0 0 0 0 1
1 1 1 1 1 1 1 1 1 1 1 1 1
4 10
2
1 1 7 1 11 0 5 11 0 5 1 0 2 1 0 2 2 0 4 2 0 4 10 0
2 3 2 2 10 0 4 10 0
6
8
0 1 50
0 1 50
0 1 50
1 2 30
0 1 50
0 1 50
1 2 30
0 1 50
10
0 1 65
0 1 65
1 2 40
0 2 40
0 1 65
1 1 65
0 2 40
0 1 65
1 1 65
0 2 40
12
0 1 85
1 2 50
0 1 85
0 2 50
1 1 85
0 1 85
0 3 355
1 2 50
0 1 85
1 1 85
0 2 50
0 1 85
12
0 2 60
1 2 60
0 1 105
0 1 105
1 2 60
0 3 495
0 1 105
1 2 60
0 1 105
0 1 105
1 2 60
0 1 105
14
0 1 130
1 2 80
0 1 130
0 2 80
0 3 665
1 1 130
0 1 130
1 2 80
0 1 130
0 2 80
1 3 520
0 1 130
1 2 80
0 1 130
16
0 2 100
1 1 165
0 2 100
0 1 165
0 3 860
1 2 100
0 1 165
1 1 165
0 2 100
1 3 695
0 1 165
1 2 100
0 1 165
0 2 100
1 1 165
0 3 860
