22 32 70
1 1 1 1 1 1 1 1 1 1 1 1 1
0 0 0 0 0 1 1 1 0 0 0 0 0
1 1 1 1 0 1 1 1 0 1 1 1 1
1 1 0 0 0 0 0 0 0 1 1 1 1
1 1 0 1 1 1 1 1 1 1 1 1 1
0 0 0 1 1 1 1 1 1 1 1 1 1
1 1 1 1 1 1 1 1 1 1 1 1 1
3 6
3
1 0 3 1 4 0 3 4 0 3 6 0
5 0 3 5 2 0 3 2 0 3 6 0
1 12 3 1 8 0 3 8 0 3 6 0
6
9
0 1 55
1 1 55
2 1 55
0 2 35
1 2 35
2 2 35
0 1 55
1 1 55
2 1 55
12
0 1 70
1 1 70
2 1 70
0 2 45
1 2 45
2 2 45
0 1 70
1 1 70
2 1 70
0 2 45
1 2 45
2 2 45
12
0 1 90
1 1 90
2 1 90
0 2 55
1 2 55
2 2 55
0 3 380
1 1 90
2 1 90
0 2 55
1 2 55
2 2 55
15
0 1 115
1 1 115
2 1 115
0 2 70
1 2 70
2 2 70
0 3 520
1 3 520
2 3 520
0 1 115
1 1 115
2 1 115
0 2 70
1 2 70
2 2 70
15
0 2 90
1 2 90
2 2 90
0 1 145
1 1 145
2 1 145
0 3 700
1 3 700
2 3 700
0 2 90
1 2 90
2 2 90
0 1 145
1 1 145
2 1 145
18
0 1 170
1 1 170
2 1 170
0 2 105
1 2 105
2 2 105
0 3 900
1 3 900
2 3 900
0 1 170
1 1 170
2 1 170
0 2 105
1 2 105
2 2 105
0 3 900
1 3 900
2 3 900
