24 34 75
1 1 1 1 1 1 1 1 1 1 1 1 1
0 0 0 1 1 1 0 0 0 1 1 1 0
1 1 0 1 1 1 0 1 0 1 1 1 0
1 1 0 1 0 0 0 1 0 0 0 1 0
0 0 0 1 0 1 1 1 1 1 0 1 0
0 0 0 0 0 1 1 1 1 1 0 0 0
1 1 1 1 1 1 1 1 1 1 1 1 1
3 6
2
1 0 7 1 2 0 4 2 0 4 0 0 5 0 0 5 4 0 3 4 0 3 6 0
1 12 7 5 12 0 5 10 0 3 10 0 3 8 0 1 8 0 1 6 0 3 6 0
7
10
0 1 60
1 1 60
0 1 60
1 1 60
0 2 38
1 2 38
0 1 60
1 1 60
0 2 38
1 2 38
12
0 1 75
1 1 75
0 2 48
1 2 48
0 1 75
1 1 75
0 2 48
1 2 48
0 1 75
1 1 75
0 2 48
1 2 48
14
0 1 95
1 1 95
0 2 60
1 2 60
0 3 420
1 3 420
0 1 95
1 1 95
0 2 60
1 2 60
0 1 95
1 1 95
0 2 60
1 2 60
14
0 2 78
1 2 78
0 1 125
1 1 125
0 3 560
1 3 560
0 2 78
1 2 78
0 1 125
1 1 125
0 2 78
1 2 78
0 3 560
1 3 560
16
0 1 155
1 1 155
0 2 95
1 2 95
0 3 760
1 3 760
0 1 155
1 1 155
0 2 95
1 2 95
0 3 760
1 3 760
0 1 155
1 1 155
0 2 95
1 2 95
18
0 2 115
1 2 115
0 1 185
1 1 185
0 3 980
1 3 980
0 2 115
1 2 115
0 1 185
1 1 185
0 3 980
1 3 980
0 2 115
1 2 115
0 1 185
1 1 185
0 3 980
1 3 980
20
0 1 215
1 1 215
0 2 135
1 2 135
0 3 1200
1 3 1200
0 1 215
1 1 215
0 2 135
1 2 135
0 3 1200
1 3 1200
0 1 215
1 1 215
0 2 135
1 2 135
0 3 1200
1 3 1200
0 2 135
1 2 135
